[456677780] 80 58 F1 01 3E 08 
[458514991] 80 58 F1 01 3E 08 
[460013156] 80 58 F1 04 18 00 80 00 65 
[461269795] 80 58 F1 04 18 00 80 00 65 
[462521432] 80 58 F1 04 18 00 80 00 65 
[463706561] 80 58 F1 01 82 4C 
[466160834] 80 58 F1 01 81 4B 80 F1 58 03 C1 EA 8F 06 
[466501861] 80 58 F1 04 18 00 80 00 65 80 F1 58 2F 58 0F 93 46 00 93 52 00 93 61 00 93 67 00 93 78 00 93 82 00 94 73 00 94 77 00 93 34 00 93 29 00 94 10 00 94 09 00 95 27 00 A5 05 00 A5 00 00 0C 
[466733898] 80 58 F1 04 18 01 80 00 66 80 F1 58 02 58 00 23 
[467573991] 80 58 F1 01 3E 08 80 F1 58 01 7E 48 
[469413195] 80 58 F1 01 3E 08 80 F1 58 01 7E 48 
[471252899] 80 58 F1 01 3E 08 80 F1 58 01 7E 48 
[473092103] 80 58 F1 01 3E 08 80 F1 58 01 7E 48 
[474194728] 80 58 F1 03 14 80 00 60 80 F1 58 03 54 80 00 A0 
[475038320] 80 58 F1 01 3E 08 80 F1 58 01 7E 48 
[475876913] 80 58 F1 01 3E 08 80 F1 58 01 7E 48 
[477716618] 80 58 F1 01 3E 08 80 F1 58 01 7E 48 
[478555212] 80 58 F1 01 3E 08 80 F1 58 01 7E 48 
[480394414] 80 58 F1 01 3E 08 80 F1 58 01 7E 48 
[482233619] 80 58 F1 01 3E 08 80 F1 58 01 7E 48 
[484073326] 80 58 F1 01 3E 08 80 F1 58 01 7E 48 
[485905528] 80 58 F1 01 3E 08 
[487743232] 80 58 F1 01 3E 08 
[489580439] 80 58 F1 01 3E 08 
[491417639] 80 58 F1 01 3E 08 
